9821 1182
5089 129
5917 5054
5869 5341
6160 125
6715 6466
1229 1934
7594 7154
8249 2130
5505 8099
138 1431
1004 1379
8890 7150
9886 184
7720 2935
3317 9096
2009 59
5514 9106
1100 6630
1063 456
1194 6111
5892 9002
1164 9125
7482 255
2039 6375
344 3682
162 6784
9588 2903
7096 1678
6761 9385
8809 1070
3710 2929
7403 3061
2392 8389
7406 1373
374 6586
2556 2314
2617 6344
7599 72
4359 1593
4573 3379
3205 7628
1919 6339
2977 2909
3311 98
9858 7481
7119 8554
647 1776
567 6704
7180 9612
198 1399
524 9752
6858 6931
7120 7055
5146 2059
3589 9843
2512 8746
5227 4326
1204 7058
9001 4072
9316 5805
8030 7757
4400 5777
7651 2442
2929 5135
2461 3628
5898 3129
9214 326
3542 6014
395 7861
2833 3763
8247 1137
7827 7119
6110 2882
7847 3539
1455 5500
6713 4324
7089 5721
1390 1110
6934 98
7518 663
3420 8217
8332 7398
6016 1574
5446 7662
1086 1100
4343 6242
7235 9592
6762 1431
5539 5941
6938 5496
2375 5982
1204 4666
4414 2785
670 4462
1268 4860
8417 6172
2784 7176
9361 4306
4439 2062
7773 1480
6110 4490
1634 3630
2844 9787
1722 7397
846 6323
4305 5495
3125 9041
777 9573
8218 9513
1091 5771
6353 9213
6894 6401
6795 9899
6540 7585
885 9826
4607 4175
1182 3377
5636 6586
2438 4782
9669 5214
5698 4256
882 6164
9388 9050
4106 2119
328 3093
4675 6370
6321 8360
9417 9915
4641 8950
4115 9111
5855 2165
9121 6089
2259 7878
4801 3562
3237 2310
4402 6502
436 9600
4959 5889
2146 3740
9101 4724
796 2488
3200 5416
7848 7906
9639 190
695 9759
9288 2120
4618 43
4150 9271
5120 4398
6143 2259
7565 1222
8162 7504
6135 8311
8750 6579
8090 5068
8005 4529
620 5240
3743 5536
4698 7038
4971 1853
7617 9241
8176 7273
3768 1625
1874 3664
8570 7563
7888 8631
4850 7875
8763 3074
3968 9432
2833 31
2376 9997
70 6706
3577 4648
1076 8014
2635 4576
8073 1453
7554 3032
5151 1884
2799 3250
218 9414
7541 882
1802 7291
4089 2640
2527 8669
2882 8089
444 4471
2576 7059
3365 9547
3482 1179
898 22
4895 1469
9286 4321
9742 2335
4697 3079
7905 3195
8480 3774
7236 9830
7119 7444
4004 4722
6389 2200
690 8060
469 3361
6854 947
2389 8431
4064 6278
2639 9500
8842 8728
3029 9615
2554 5044
1121 1149
7972 5446
4026 3068
3404 9069
2387 1157
8136 8860
1214 2117
8067 2247
4862 3552
3342 7344
3066 8739
4402 2974
5789 5733
8593 2886
682 5096
6538 4585
1724 7090
1978 9098
9276 1123
4592 2906
4332 3650
5865 7506
4288 6296
9610 2716
1132 3689
908 511
9768 474
6034 1717
401 3923
6246 3242
5545 8211
3665 4803
1470 1978
3177 3289
1512 3720
1476 2721
1916 3903
5659 2313
6670 3399
2267 2160
8307 3038
3140 7330
6196 8185
3732 2080
5582 4652
5310 5560
6983 6082
9332 1750
9227 2410
3620 3047
9348 318
4525 9397
4728 5649
7779 5556
4300 2436
8 6951
791 6916
7115 5056
7345 8948
9853 4147
5930 3555
4621 4981
5831 3562
6230 1382
2935 8724
5582 3512
3891 8282
1439 955
3732 5850
3923 3575
7503 9283
2232 6885
5579 4304
7395 3755
2627 4703
9632 6834
5831 1420
7160 9973
1693 2911
715 5239
4325 5518
3341 3297
2794 8848
1981 6952
5524 6272
9856 2039
714 8698
6509 3822
9252 2053
9281 3271
8191 9949
4530 8480
9002 859
5713 3482
1374 3412
5769 6493
6346 7899
7252 6918
6428 5587
3660 4430
7195 6310
383 2280
9665 6923
2363 1734
2918 8583
7289 5832
5928 1091
8407 6259
7783 7045
8973 5258
3916 5326
5505 3036
138 7071
4534 6617
5053 8265
9135 6178
9982 2432
1074 396
1496 6970
5879 1745
3157 8762
2880 5059
6146 196
9858 2446
2130 7724
7057 6905
8542 128
746 8232
4585 4494
6953 6785
9873 1075
3659 8648
4593 6994
462 7306
8676 3805
613 6946
101 2738
4712 1436
9762 1349
6568 5732
2014 6358
7583 8794
949 6847
6262 6004
2842 3613
5200 2223
3452 7096
5188 9476
8840 6624
1688 2627
4088 182
2168 1263
9753 9604
8150 4182
5914 474
3932 3178
1408 1014
4829 4433
759 8463
6249 8182
5906 30
4639 1033
1059 4410
8172 1018
1543 7966
5554 4925
2633 9689
8133 9850
6966 546
1759 5125
2624 1398
2050 8965
1084 7200
8365 6691
2727 7923
2424 6048
1397 4791
7882 9331
4201 2094
2602 7134
7921 6641
8450 3900
5753 9628
8975 6377
9952 354
4117 8029
6776 6334
8880 135
4758 1864
9493 1347
1929 576
1286 6039
2903 6107
5893 4352
5219 4231
7792 5987
6539 4636
7210 9874
4366 3792
7003 8062
6395 1239
2909 1683
7828 7062
807 9141
6881 8754
3511 8037
8945 938
360 592
3724 3246
516 3860
7460 2026
7778 7039
9625 7955
608 774
9307 2268
7228 430
5690 3125
812 9387
6394 3361
4798 7971
5539 2115
8713 4062
900 1973
9826 5837
6711 8868
5531 1235
6640 8411
4037 1220
479 4714
4135 7209
5461 1250
4407 7117
3603 6256
2708 4088
8301 9316
9846 5429
6046 7150
2285 3569
4389 4372
7031 9859
5549 5409
1838 4162
9675 749
1821 4488
8720 4309
9650 6817
7182 5287
3871 2911
2104 2157
5115 734
9057 2403
6 3167
2487 7190
5641 7971
9544 3755
8027 8742
498 7082
4817 5349
8217 7925
7341 4557
1681 6088
87 2370
4700 1311
2185 6440
9997 1374
3411 1570
1099 3153
239 5941
5361 4673
1120 9847
3410 2336
3748 3177
5578 7809
9464 5903
3311 5527
4922 5480
6470 9224
2665 4414
1683 1565
8760 1628
4008 1465
7506 6887
6718 3011
5864 1434
4338 9890
3654 8898
9862 1333
2515 7458
88 8428
1351 8036
2992 2582
535 9181
9939 1016
1755 1340
3909 9142
129 559
5243 2577
4491 8593
9438 1949
3747 3364
8188 2606
158 3399
8840 5966
2478 9844
8050 3342
7122 2313
3713 1927
9768 7408
2028 7467
5667 8557
2632 6061
4231 3220
716 9754
9729 3013
10000 4146
740 4277
1588 503
1998 9930
1181 2145
4969 9906
7386 4811
6349 4097
1060 9422
7715 8885
7012 2167
2132 6055
5519 9496
3711 6897
1996 3656
9402 8262
7271 855
352 7859
2622 4147
4361 4960
7351 2080
5079 8194
3380 3863
6444 5488
3359 8558
1401 2416
4608 9328
7842 6830
398 408
6525 8920
9874 8943
7017 3561
2823 4848
1115 112
109 2420
467 2940
9085 7952
4925 982
118 6007
9059 6587
3750 3916
4145 4117
5204 536
2913 37
2938 8580
4612 9758
8849 5668
4081 4065
8548 2992
8600 2753
9622 1776
9984 3554
8432 9092
6014 5587
658 5581
5895 1173
3259 4603
684 5319
4948 260
1284 5968
5366 2878
7176 6888
5868 8201
9336 3043
3475 1356
1019 6298
3917 426
5923 7239
3493 5329
7951 2526
7086 3967
8570 9011
9652 2897
6001 828
5091 5065
6049 4804
7238 2251
271 1704
8776 948
4721 8753
3623 9256
9417 1023
1238 2823
7506 2559
9681 1146
2467 121
4700 5360
8977 6344
6324 4624
6802 6086
9303 2394
9771 6372
2783 5742
7210 1683
6425 9704
7328 9490
3764 2311
2262 2900
6965 7193
9744 4685
4007 8837
1215 9609
9728 2884
49 4649
4271 3932
7507 5643
2402 1435
4326 3556
1108 524
831 3005
5666 3449
7145 615
335 3502
5573 7405
557 8773
9937 6549
5852 3156
7943 7970
5776 1455
524 5001
6938 618
7145 2285
8137 592
9382 5897
5817 3417
2114 4650
8249 1787
7136 711
7322 7696
4747 7485
8548 1632
3465 8395
2515 6987
9838 6919
8254 6261
5672 6924
1528 7374
743 3825
7439 5405
2975 4950
4658 425
3222 8493
7296 1875
1816 5123
2235 2419
971 5754
5404 3485
7564 7300
7728 7567
7848 8686
5791 2587
2951 2983
8861 1356
1634 2443
6538 1190
3685 8080
468 4351
1504 1692
2748 6531
4519 5921
1526 1273
8522 5303
8809 6272
3455 7796
2119 884
4282 4170
8679 5027
8094 557
6046 2967
7310 1679
1084 8832
3837 4010
4850 7727
4387 8842
1921 7249
9632 196
557 8886
8283 5687
1873 7965
9028 7054
285 3118
2216 4366
6186 5091
1666 9234
7565 6260
9838 8561
138 9886
5241 2217
5856 4639
6868 7242
9842 3792
6103 2881
3974 4991
5923 6719
9622 136
3792 7398
9812 4720
7589 5120
4427 6558
3205 107
8368 4662
5366 2693
1575 3892
4206 1376
4882 7041
6374 4641
7541 7876
1456 5211
5204 6376
5477 6356
3501 7702
5063 9040
9747 3423
8517 1362
2287 4632
5037 7852
1723 3859
4411 6702
1001 5942
8960 8003
8253 8090
3870 9268
4572 5201
7072 2295
9884 8789
6390 6520
3674 5241
8301 2722
3579 5295
1885 2105
602 7318
6365 2951
2720 5404
4065 3650
1266 1864
1059 6039
36 7261
448 6805
8556 6972
3033 4440
7601 7785
8921 5728
7569 7383
9639 6221
2626 8371
801 2089
9392 3418
3384 8467
8309 3848
43 7683
8071 8254
5436 3791
2252 4367
1102 4249
24 839
1536 9474
4855 9401
307 7760
3526 3059
4311 6311
1355 4336
1092 1478
4709 1818
2388 6945
4861 9177
9710 3415
5356 9181
5373 9119
8887 1588
6703 2468
6854 264
3513 6938
7154 4360
7272 9019
7852 8289
9170 9043
6490 73
5147 452
6236 6440
9828 3767
8621 5476
7773 3136
5829 5031
9771 1164
2971 4527
8677 4826
3064 594
7464 4211
9623 7515
5771 4647
3464 1077
5564 3718
9139 9027
1017 1719
6394 7082
9963 6984
856 4908
6477 4515
2229 738
6282 4778
2731 5749
6356 6271
3811 2745
5025 1810
8632 6
8976 4263
6398 7540
890 3299
7995 6082
6163 3587
1955 5923
5695 7113
7906 614
3057 4372
4674 7089
2143 555
3644 1930
9746 7543
843 1713
3465 3322
3708 8412
9660 4575
3089 3792
1454 398
8133 8730
7532 700
8107 1672
4403 845
1215 1286
5342 4696
4013 472
7228 6758
2272 6193
6832 1733
3331 5390
5730 6271
4100 8386
3523 2562
1751 15
4830 6060
7366 1630
3321 3701
4085 7627
3195 2825
4147 8432
8263 272
9645 9355
5751 7644
5053 415
3620 8671
4705 7397
9185 5046
1046 2700
7048 117
7346 7444
8108 9520
1840 2867
2142 5620
4902 1025
2939 3104
8787 6951
6625 3027
8741 6495
3826 179
9815 1895
5874 1655
4727 3736
5675 34
4821 2702
768 6429
5255 9427
8478 5359
7305 8316
8333 1643
5586 7119
7110 3734
2226 287
7968 7972
1688 6934
3795 671
1296 5279
1821 130
3114 8061
1090 1656
53 3371
5166 1948
2873 8240
6742 684
565 5822
5629 2095
3277 7368
9298 9968
4725 782
3447 8695
4491 1734
2652 5314
5886 2617
7514 5781
4749 887
9916 4251
5019 9079
5767 3623
158 9359
8826 7948
5654 3709
4256 5973
2779 8720
3890 8834
7231 8118
5162 1631
898 1138
1827 5139
8340 2329
4908 7138
2790 3514
9275 8383
2841 7416
3566 3602
4328 3509
5628 2258
3042 8412
858 5919
911 7819
826 9614
900 8508
9742 3522
8913 1710
8234 387
1495 6180
2600 8558
2423 2506
6197 4073
6550 1008
4520 1905
8924 1573
3442 6210
3420 2672
3744 1058
5134 1837
9758 8058
4088 8323
135 8594
4203 2782
327 2008
666 4334
7521 2301
7109 2395
604 9612
755 4707
8152 5272
3502 5394
9327 1921
5464 141
4598 3026
9212 7883
290 5194
4991 3872
1896 5284
7894 6999
4605 7990
8337 9371
8348 387
3716 8946
8950 4013
5302 9015
3331 2810
4034 5218
3270 2338
1019 5142
7279 9859
7741 1735
8794 7168
9054 6567
8501 9981
2196 4635
4287 9631
