3542 3431
6762 1861
6909 609
3911 1272
651 7131
778 5429
6576 5252
506 4228
3329 4896
7305 3402
9360 265
2312 9551
1174 7106
9210 391
3373 7577
6177 3263
9147 985
9413 5893
7256 5177
9107 5236
8784 485
9570 5083
1636 1542
7600 2553
8027 7585
4123 3368
822 7449
2508 8307
3826 3025
894 4644
4214 3026
7549 5839
5403 4358
9705 8276
1995 5247
329 2501
131 2294
4780 4645
2466 2067
8106 2265
9972 8550
7594 9614
1608 753
9309 7206
3692 8546
9191 6304
2475 592
8270 723
1308 7329
4010 3463
6076 9733
7101 4112
2502 9043
1212 743
7839 2094
1899 3799
1342 8996
2455 993
4744 7443
6509 4077
2234 4520
6696 2030
4175 2437
9063 2863
3074 8254
7661 3136
5613 4609
3746 2872
2143 2944
135 5493
1068 7260
7 6855
4751 9711
6393 5141
6331 4245
8353 1435
8511 1912
2774 4401
6391 3463
2830 9305
8751 8243
7238 180
691 6198
3086 8433
1009 2208
1281 4371
2720 6559
6066 2446
2922 2378
5922 2686
4053 9850
7582 2452
3839 134
8708 1374
4215 4921
4470 4530
6665 8290
4568 9463
6929 2888
3348 3440
4257 264
7421 2645
6462 1980
4560 9631
4036 1578
6790 8368
2793 6758
1126 4429
1215 8069
3639 2634
7571 6399
2051 2096
4067 1664
3576 3741
1421 6267
9048 536
578 7627
9008 1631
9465 4840
5781 7695
5503 4018
5306 8063
8108 2638
4462 4986
7554 2186
6883 7367
7695 142
1145 9222
5009 4432
9657 2857
8377 6212
6030 2317
5576 831
9629 9860
8662 2406
8645 9361
4225 8456
2289 5551
8563 6420
3611 4685
8940 1800
2923 2586
1582 5496
6861 9561
3032 3943
2848 9825
9962 3509
5066 4036
7047 9413
2345 7594
601 1226
6452 8633
7982 6366
1600 9779
2399 2974
6735 5340
8818 7781
6435 1111
4341 9219
9857 3388
2251 3561
2576 8312
7780 2916
3136 8176
5060 9156
4263 9203
6341 1688
5094 6028
4376 5320
9531 7153
5655 3455
1504 2731
8118 2994
8096 5506
7624 4273
8426 6916
1246 9945
2558 7137
7786 4564
8804 5558
4066 2430
4572 9589
9823 9156
2448 6541
5253 9339
4181 5387
7437 6123
6640 6893
222 790
7718 8030
2443 8008
3484 787
70 2124
8349 3345
3969 8505
3514 7369
7925 3848
6347 7650
7756 3763
1028 9601
9736 1947
8403 4151
2999 3654
5589 8710
4206 7795
56 8433
6178 8827
7867 7824
4517 6630
3842 525
9102 4087
9558 8190
5073 326
9113 1087
7438 2183
2775 6347
7206 5388
24 9975
6679 9972
5314 299
216 8526
5115 4926
5728 3182
6779 6173
8929 779
4320 2055
5202 5986
2204 1016
9435 7387
2345 6368
4345 6182
749 5119
8897 3361
232 9840
5345 8297
8970 8175
5842 7018
5714 7592
4986 2006
7825 9950
3678 3086
8332 2308
7428 3311
1328 3147
2422 1643
2560 4617
3059 5971
250 5346
4031 863
3705 8902
6299 346
6419 5623
7311 7436
498 7813
5620 8277
5151 3527
4702 9811
5178 3720
5782 1713
7078 9484
8662 4108
4050 2670
2542 4802
2259 4103
7268 2137
1484 4317
6615 2282
3328 550
7220 2776
5966 8103
5825 1329
8458 477
4087 5120
2285 871
3086 4923
2339 8702
4832 8736
1314 995
175 9319
9946 9187
7042 9252
2904 8617
9530 9117
7860 4432
4260 2418
1243 1747
2519 2413
8007 756
924 7367
2537 5029
7118 6595
1113 9414
3975 5452
7972 6651
3786 8439
6564 521
4287 5268
8366 9054
3336 7623
1621 2154
2307 2365
5516 5549
3128 8637
840 9838
2274 3468
2563 3814
2538 2509
877 1911
1983 9347
9133 9596
674 3396
2886 5118
2158 9789
2117 1215
2725 2284
8998 4695
1381 7982
4566 4137
6361 53
6658 5154
2652 4933
2735 509
3464 5659
35 2725
6861 6122
2001 7672
8157 9972
6834 3204
5075 6402
7758 7666
4404 2464
7115 3788
5390 5768
3612 3867
814 4297
3962 1761
5374 8323
9888 5664
5818 9138
8400 7477
2851 4645
1011 5765
3933 5530
9022 3442
5251 2504
9984 8025
6107 6264
2423 4700
8915 3984
1955 8151
6074 4253
5842 1681
540 2797
4587 3873
8453 2839
1830 1002
2887 4807
3784 1877
4327 1882
4124 9993
1233 5474
941 3258
4460 4646
6016 2875
3479 8666
6638 3329
1795 4214
2528 8821
4187 6661
3811 1909
8637 4989
843 7657
9421 4390
7139 7373
463 5672
3698 8944
2049 5957
5641 7751
1659 4144
8409 7886
287 377
7090 1500
2779 7
2502 2146
7469 3712
9005 2033
5366 1416
7969 3493
9111 275
8393 7793
9608 4584
5650 5496
2552 2773
6345 8309
62 7945
5622 5576
1374 818
4195 5662
3927 7620
4970 8907
4441 2242
2380 7591
5284 2220
3549 4834
8603 437
2253 5941
935 8367
5154 7815
3417 469
9761 5528
7463 6501
8507 9534
5464 4761
2100 6265
3898 1201
6431 1653
5264 3822
8581 1916
5482 6173
6628 5205
4156 5806
3940 4733
1728 4736
6805 6240
8696 2154
6868 9252
3947 169
5132 2515
3185 4545
2697 211
1338 9554
3064 4355
4376 1113
827 7748
1613 5359
760 7713
6014 8322
6833 1373
6247 8334
8222 7256
8025 376
2726 9245
9294 3127
5469 8011
5101 3551
5543 7614
9001 1195
875 8666
5028 8151
4435 9955
6529 119
8447 2139
4742 9815
3769 2105
5168 9039
8547 9314
2737 1523
5388 887
9380 2165
1970 4603
4641 8583
2338 8175
316 4129
8939 2940
4184 2491
9280 4189
6121 5304
8716 8422
8775 3407
4623 6660
2014 4262
8247 3283
5811 2734
9258 7718
4897 2966
8671 454
192 5820
7661 8154
9383 4311
4059 2336
8393 6058
9511 3429
2859 9413
9682 3911
5701 7518
1192 3156
7591 9784
2189 9342
4659 7869
1203 3725
824 4093
5369 6001
1023 3795
7917 6003
7054 592
6641 9783
5417 3383
1515 6817
4761 580
615 9712
3813 5226
2008 2683
5868 2567
3899 5799
7877 7750
5708 7890
1054 2129
7618 6783
6272 3584
4773 7662
7620 114
8912 8983
2383 2199
5361 5427
2072 7321
2622 2696
1978 677
6209 7999
2468 6825
4020 1651
8478 7691
1832 7528
8231 5315
6271 1765
345 5206
9514 2399
5358 3009
844 6516
2252 8590
1789 2225
8427 4118
1546 9296
9784 5459
5594 146
2834 4768
9148 1877
7313 8368
2860 1186
9686 3896
132 8149
5838 1114
3647 74
9792 3903
2761 2193
8838 9216
3618 7069
664 5552
7729 9438
2355 1082
9365 8233
4633 6834
5559 4721
3106 2091
9515 7637
9537 7077
2741 2630
2177 7776
3257 6242
2574 7201
5771 5010
9072 7968
820 492
6769 3500
7030 6038
848 7755
8823 2552
3630 1314
5321 9004
5382 7118
2346 9829
4042 8556
1335 889
6136 7051
3131 2333
3211 7404
1589 7340
2046 2403
2840 1586
1531 9101
6829 6379
450 8477
5699 5443
1077 7925
2710 5178
6704 5373
1196 8582
5014 2339
2636 837
886 2960
7466 9069
4524 9555
1133 3778
9908 140
8098 5604
3034 5095
713 9889
4877 2930
429 8206
2690 781
5714 5598
4164 2925
3030 428
8377 6989
9065 1387
1519 4595
3049 3208
2357 8378
1558 6344
2695 2336
9925 4723
8738 5758
8016 7917
261 2223
4074 3997
88 1663
4193 1116
1126 3730
4956 3179
9702 3935
9891 4033
1688 7127
2541 224
554 1189
2884 4467
1498 4291
8742 3126
1462 3430
5685 1666
7295 7912
174 2180
5580 3632
9479 664
1867 3440
2896 359
2322 9627
4684 3610
9540 4497
8602 3018
6543 7608
1435 374
34 1368
9720 3344
2251 2771
1484 3077
8174 4688
2956 4070
354 2227
7112 9863
7286 6602
3705 2420
9585 806
8074 3739
5719 6420
7987 1162
1239 2231
976 86
897 8404
4928 2453
7605 9722
8457 2920
7463 5468
2777 8377
2494 7836
2648 9789
3643 965
5497 1285
7927 1861
1263 391
7830 6261
1084 1572
8615 2215
4181 7238
6701 5371
3665 1304
2776 4542
7200 4546
4796 143
1560 9919
9092 7535
8027 4893
3183 7189
2501 9104
6792 9755
385 3907
7907 1464
6826 7020
9715 8763
4639 5083
3065 2881
4576 3599
8488 499
2101 6725
3395 1327
4526 621
5607 800
7365 3787
8725 4717
7184 4663
3015 7532
5266 5490
1892 1073
2225 9718
7151 6231
8370 5096
8250 4761
9472 6236
3720 5693
3500 3909
6895 4573
2862 4728
2972 9284
9530 9995
3793 9282
4062 2384
9354 9852
6792 264
6573 4051
1748 5446
9455 9727
6562 3633
307 6951
7302 324
1917 6064
297 3830
917 3024
9037 3714
4519 2221
7566 4754
8471 8583
9972 7085
4642 9807
1973 5754
7584 227
8615 5455
6038 5735
8899 7083
8856 4417
6997 3596
3259 5056
2000 4269
4840 5450
4815 7056
9020 2257
1254 3428
924 4066
614 4035
5526 3306
8559 7867
419 8260
4992 1751
2825 7587
810 3305
8973 2361
4930 2406
4005 2
4053 9870
5612 7904
5687 8230
718 2435
36 4788
3571 740
8839 3014
633 143
4521 2304
2489 5419
6928 6368
9436 2200
2121 495
9831 6531
7857 5271
7313 4216
7069 8251
821 6069
585 6568
2771 8071
8269 8502
3168 9716
1228 8474
2670 1700
8150 6044
2663 3436
5374 6863
3395 3416
709 2466
3433 5125
9269 5987
9361 408
3930 6043
7448 4734
3546 7049
4029 7089
1782 79
8376 7700
9928 6547
7562 5452
9260 7219
8336 7115
9227 1209
9537 4857
9187 4998
935 9649
9602 9101
4250 4261
801 5151
7175 1743
7950 543
9232 6182
7569 4018
8398 8265
9136 853
1505 1387
1934 2234
9848 1723
2702 1600
1851 1134
4005 5773
5 9275
3501 9563
4080 7571
6822 7197
1849 8940
8936 6445
6194 1784
2099 643
8166 1158
615 5971
7767 773
6623 4788
7027 7600
8248 4153
9701 2219
3008 4574
5176 1449
6218 2016
4278 5207
9726 8056
4671 7720
1356 2246
7333 4989
993 1271
2836 545
4546 5251
4111 6958
4613 4165
6853 5568
7568 9144
4595 1716
3513 2458
4643 1389
9084 7919
6818 7027
4475 5285
7903 2391
6591 5376
6319 456
5421 1649
8013 347
484 1815
1854 8267
1955 7186
6643 7533
5352 1856
4041 4510
8018 4855
8298 1499
4936 430
8678 925
7954 4584
764 4495
437 4797
2705 1021
7181 9958
3620 6763
8242 1893
7304 3999
7405 1999
8480 3436
6644 7495
7834 204
9505 937
450 3320
2609 5343
9959 4471
5736 8323
7610 7762
1745 9346
4514 896
2371 4969
925 5171
5920 1471
4833 9821
8199 4847
4705 8928
6809 2240
1435 7825
8008 2306
6350 328
4092 6151
2776 391
303 9468
7950 3909
2952 6771
3141 3621
6325 8767
3213 9624
7169 8922
4221 9787
6997 5846
9929 3726
1595 6478
2592 3491
8541 1625
9890 6799
6284 4219
9807 7936
7837 2967
7802 2843
8653 8692
9165 7665
3621 9627
3126 9437
1017 9066
3151 7869
1259 5849
4236 2714
8045 8775
4237 2981
3123 2431
5106 1296
822 8605
3486 8087
2676 8070
9253 2633
8773 4249
3071 6903
9353 6753
8382 1191
8093 8740
6812 3285
9197 9739
4670 9479
2547 5661
9685 5515
8621 3370
6019 4336
3917 8178
9578 5470
5882 1648
6624 4019
8963 9798
1455 7674
4532 3286
9433 7706
5889 7321
5352 5352
4511 5280
1555 1658
8098 2982
4109 1498
8705 2670
4056 9731
3446 1613
4919 6123
2417 2550
1105 3740
3708 8239
1793 9904
5449 5757
1033 665
5832 1600
2903 5899
8773 157
1344 6007
6942 6836
5609 7812
2546 797
8277 1996
4164 7924
4121 7248
9599 8734
9979 1465
2067 5207
8104 2092
4478 9114
356 8457
5751 9244
4588 2833
9635 7397
520 7041
8522 5948
1613 4383
4931 7838
4943 3792
2876 4746
6803 115
2406 4492
8898 3774
5309 8548
713 5779
3062 898
